alpha: 0.8832290311184181
clahe_clip: 1.9398197043239886
gamma: 0.808233797718321
guided_eps: 0.006358358856676255
guided_radius: 29
noise_threshold_scale: 0.7340279606636548
range_sigma: 0.06452090304204987
spatial_sigma: 1.6239780813448106
window_large: 7
window_medium: 7
