clahe_clip: 2.909729556485983
gamma: 0.8102922471479013
guided_eps: 0.013311216080736894
guided_radius: 56
omega: 0.7858787396773266
patch_size: 11
t0: 0.06742508365045984
top_percent: 0.0066971673533752435
