blue_gain: 1.3160069061918824
blue_reverse_strength: 0.8818673454458333
clahe_clip: 0.6934007471139421
gamma: 0.8698617936807379
guided_eps: 0.00022833172003542817
guided_radius: 31
omega: 0.7206646296787474
patch_size: 21
t0: 0.13696878201616625
top_percent: 0.0043623778919511386
use_guided_filter: true
wb_strength: 0.9009766299285924
