blue_gain: 1.1921110852785923
blue_reverse_strength: 1.3297365664906016
clahe_clip: 1.343069397455086
gamma: 1.2338784727900205
guided_eps: 0.08807836657503099
guided_radius: 39
omega: 0.9146618384734218
patch_size: 15
t0: 0.1833107751497432
top_percent: 0.007013549895303344
use_guided_filter: true
wb_strength: 0.586045856763867
